# Food additives
25231862
30449315
30721958
31498044
33171964
25731162
29174952
28708089
31332342
31581570
33754054
28325746
31258108
33752754
30525950
28594855
32951067
16741115
27890791
30711862
18800291
33818419
31853641
34152347
29054657
29691748
31677875
31600703
34294338
33452867
28479399
31336737
30949054
34387521
33202274
29524597
32790293
33588095
29844669
34835437
30360278
34065822
34835981
31576748
33254656
34590865
32535433
30656592
31273654
32178470
32900799
33705945
34554172
33357682
29359944
32236647
30121748
34112173
31134523
34016169
32670255
34153347
31339598
34519523
31776248
32166413
34627409
29250719
33723271
29975731
25982560
32089310
33779765
34323161
34070816
29343276
33772084
29757931
29520598
31873206
34409064
30094852
32865002
33692426
33429452
33183459
29412464
28706193
34070818
30767016
18069616
31290223
32424714
31162575
33467593
31405019
26872019
32187855
33574668
28564612
32259714
34205616
33907383
34204751
30916928
33753813
33909615
29744782
34068237
31596293
30500755
31165072
29574331
32864300
34139119
34855861
31548508
33079119
27198846
19854378
33864456
33589766
33736704
22544767
32180343
32918522
34340536
33714585
29909506
33010597
32420653
34637646
27023811
31000276
28588204
34710536
30728469
32083496
32541978
33466376
30670576
29545800
31116489
30243767
16277764
34606537
33299048
34634570
33097594
34112398
28538678
32245246
32908429
31547291
31806321
31430630
31195221
33298215
30051965
33337023
34930490
34420703
27038764
34926554
31778135
17391567
32910260
33665789
33871635
34087293
31900523
30656437
34578800
26891629
29758074
34182773
29119465
30345766
30116044
26275147
32542195
31351100
31869223
27809778
26142838
32013116
33648169
34380002
29437527
32338455
34906595
29623686
31550005
32041050
34558859
33250870
33508444
25828597
31417546
15182394
18409095
24462134
34656599
20944426
30919578
25426858
34140026
33119011
32162007
31785878
32499766
34142028
28710513
19567260
22889095
34217374
33996881
34980392
30604012
29291752
30841970
28472674
27430014
28120304
30859288
30553337
27086695
33815806
30655577
31866761
31965661
19614855
34063332
32571913
33438704
34576027
30600139
30257473
32891757
32519440
34251412
31152455
26606879
29730317
30335105
29658026
30304332
32280983
33325948
31738363
33302073
34253098
31359491
31662903
27892709
29029078
33742729
32648873
31586220
31881974
32412684
34412707
27031373
28888433
31175192
33375525
31944242
29076622
29190539
34802818
31809634
28638093
34813784
30104702
34382390
31445601
31913653
33142483
32796856
34198189
31676481
34774538
34630666
31928558
34404817
31467421
31361959
34585961
33949580
33807577
35010897
32117913
26468159
35008767
24336061
29425148
32919569
32625540
31144984
23225567
33437176
32683092
26754945
30225247
33045025
30716890
34778991
34684567
32615579
29324644
28993009
32267892
29786466
28979240
27026084
32625526
15115199
31945606
31994113
28267639
25049947
27116607
31276746
33193247
33382431
31417554
32276396
29582323
33383374
17623227
30613273
31654707
30669671
31891214
27794467
25231382
30991148
31443365
31780788
29967593
28917929
32610452
32625935
32804018
29921329
34203524
27920774
35017835
31554129
34115195
33033395
33969685
19552023
27793830
33634985
32625432
29987933
26525505
29775545
26272781
28222110
22649263
30645900
32481553
32620143
29173065
26938554
31965847
31737748
17669667
34196224
31301059
22013198
33027647
30143153
25313461
32516027
31242596
34283836
28731473
30191939
25527750
20203358
26058469
27174558
2014992
23915796
21781379
28650782
30794278
32708827
6089377
23616518
26701794
30903888
30567428
28012235
11325198
30349136
25046106
32625506
32633953
29045472
26161743
17825531
27660288
27255518
26053617
32625525
24877679
31330167
26920945
32625282
20030330
27821485
17505761
17172137
28587159
28338633
16535077
27315087
9839563
23831725
4076932
31851990
30078113
25973610
23064348
20224153
3751159
29441452
30230652
32440552
23669739
33450094
22029783
17369534
20370946
31286126
32887539
28368356
12504168
26030687
27688001
34683463
31334242
9687560
26362922
16867077
33968808
32001639
27305897
24195350
27565144
31706504
6326800
26899163
3041958
28346062
26156396
20208371
3967633
27144359
796696
6302653
14556848
1328132
10882824
9622854
9068048
26852532
15003265
6267237
8933634
7171537
11368652
16441915
24419852
7271602
6976659
25474285
2172577
6317825
14506046
10335591
10953678
4817598
32708522
1547205
11087429
152090
16348919
3019277
2820914
9475071
711051
18505097
6008825
8553788
1210209
27388460
28756715
24131826
34576876
34048831
25623312
29494489
20553905
30828323
34814061
34486007
19592527
26382071
27869509
30143159
24382146
22612585
30877196
25440050
25246083
23121632
23075436
9524443
26366205
34715478
32666187
30501018
31991820
32184894
30953347
29230215
32625453
33004548
29554272
31790805
27393559
23183985
32625570
27763700
25139019
23271615
28329766
31890921
27139829
28066405
32349400
26599638
34421854
34825168
22399522
32060023
25997358
28811642
18844217
23740189
23598352
17657348
30890187
33923174
34399766
28801639
27737795
24445449
28573450
25852992
31336278
25304507
23354293
31251611
28955319
34560336
31776290
34070355
16887651
34962394
16317121
30732872
32107689
34747333
34720074
32806512
32816085
31202804
34639886
35087530
27761766
26230902
32659907
34576090
33727402
22936465
32151878
29455974
30940826
28626453
34424682
30196710
29367052
22227274
34369649
32101381
33986975
30130114
31560681
31749615
29966083
34258424
26375876
33321767
34208433
33513602
30200383
22711827
24532571
24212576
31385778
33807321
23365392
34488774
32259745
32027448
30867067
29875401
25045165
24581150
29087008
21983068
33959013
26572404
34627406
25031069
34122394
34821456
29529379
31103945
33551808
34082713
30362482
27810310
34805250
34002192
32983031
34973320
33509458
34105446
21525866
32983040
34278148
32528676
30384844
32019832
30377739
34925285
27879335
27548430
29740421
31467957
19586571
26350446
29029398
33033580
22367934
31832109
33875129
29488010
34205785
33053884
24341997
34604450
34195602
33767748
28725398
33835858
34160147
33480263
24132079
33582634
30060077
34475865
28774842
31814271
31126241
34298442
34121560
34092246
28834731
34589401
34844533
25461615
33554105
31559126
34575431
28617450
32978613
34377190
34569225
34455420
32054217
34524898
27454254
